beautiful: [1.2598028  0.17211176]
boy: [0.51527196 1.020293  ]
can: [-0.61080366  0.26003703]
children: [-1.2642094 -1.5181714]
daughter: [1.2267412  0.51148206]
family: [-1.4351482  -0.90347815]
future: [ 0.28971583 -0.8547793 ]
king: [-0.25726047 -1.0571543 ]
man: [-0.10372079  0.8413804 ]
now: [-0.5514848  1.6047559]
only: [1.0807037 0.8258472]
prince: [-1.1992319  1.3071991]
princess: [0.42153752 0.8805956 ]
queen: [ 0.15804718 -1.2720792 ]
realm: [-0.626401  -1.5145315]
royal: [-1.2500529 -1.0113477]
rule: [-1.6297269 -1.2720978]
son: [ 1.3302344 -1.41243  ]
strong: [ 0.5948113  -0.49158078]
their: [-0.5387113 -1.1622393]
woman: [0.3807743  0.79934305]
